T 17 17 1000
0 0 0 0 0 0 0 0 0 0 0 0 0 0 0 0 0
0 0 0 0 0 0 0 0 0 0 0 0 0 0 0 0 0
0 0 0 0 1 1 1 0 0 0 1 1 1 0 0 0 0
0 0 0 0 0 0 0 0 0 0 0 0 0 0 0 0 0
0 0 1 0 0 0 0 1 0 1 0 0 0 0 1 0 0
0 0 1 0 0 0 0 1 0 1 0 0 0 0 1 0 0
0 0 1 0 0 0 0 1 0 1 0 0 0 0 1 0 0
0 0 0 0 1 1 1 0 0 0 1 1 1 0 0 0 0
0 0 0 0 0 0 0 0 0 0 0 0 0 0 0 0 0
0 0 0 0 1 1 1 0 0 0 1 1 1 0 0 0 0
0 0 1 0 0 0 0 1 0 1 0 0 0 0 1 0 0
0 0 1 0 0 0 0 1 0 1 0 0 0 0 1 0 0
0 0 1 0 0 0 0 1 0 1 0 0 0 0 1 0 0
0 0 0 0 0 0 0 0 0 0 0 0 0 0 0 0 0
0 0 0 0 1 1 1 0 0 0 1 1 1 0 0 0 0
0 0 0 0 0 0 0 0 0 0 0 0 0 0 0 0 0
0 0 0 0 0 0 0 0 0 0 0 0 0 0 0 0 0
