2  3  4  7  8  9  11  12  13  15  16  17  18  19  20  21  22  23  25  26  27  28  29  30  31  32  33  34  35  36  37  38  39  40  41  42  43  44  45  46  47  48  49  50  51  52  53  54  55  56  57  58  59  60  61  62
0 a 1
0 b 2
1 a 0
1 b 3
2 a 4
2 b 5
3 a 4
3 b 5
4 a 4
4 b 5
5 a 5
5 b 5
6 a 6
6 b 15
7 a 13
7 b 17
8 a 13
8 b 17
9 a 13
9 b 17
10 a 14
10 b 17
11 a 9
11 b 19
12 a 9
12 b 19
13 a 9
13 b 19
14 a 10
14 b 19
15 a 4
15 b 5
16 a 4
16 b 5
17 a 20
17 b 5
18 a 4
18 b 5
19 a 20
19 b 5
20 a 20
20 b 5
21 a 23
21 b 38
22 a 23
22 b 38
23 a 23
23 b 38
24 a 24
24 b 38
25 a 13
25 b 17
26 a 13
26 b 17
27 a 36
27 b 17
28 a 13
28 b 17
29 a 36
29 b 17
30 a 36
30 b 17
31 a 9
31 b 19
32 a 9
32 b 19
33 a 30
33 b 19
34 a 9
34 b 19
35 a 30
35 b 19
36 a 30
36 b 19
37 a 4
37 b 5
38 a 20
38 b 5
39 a 20
39 b 5
40 a 20
40 b 5
41 a 23
41 b 38
42 a 23
42 b 38
43 a 46
43 b 38
44 a 23
44 b 38
45 a 46
45 b 38
46 a 46
46 b 38
47 a 13
47 b 17
48 a 36
48 b 17
49 a 36
49 b 17
50 a 36
50 b 17
51 a 9
51 b 19
52 a 30
52 b 19
53 a 30
53 b 19
54 a 30
54 b 19
55 a 20
55 b 5
56 a 23
56 b 38
57 a 46
57 b 38
58 a 46
58 b 38
59 a 46
59 b 38
60 a 36
60 b 17
61 a 30
61 b 19
62 a 46
62 b 38